source mass_msun mass_spotless_msun teff_k lstar_lsun log_macc log_lacc radius_au dist_pc reference
Sz65 0.7690716939890712 0.661 4060 0.869 -9.48 -2.57 21.4858 153.47 Alcala+14,17,19
Sz66 0.3385777049180328 0.291 3415 0.216 -8.508 -1.76 12.4736 155.92 Alcala+14,17,19
J15445789-3423392 0.10122426229508197 0.087 3125 0.02 -10.68 -4.08  153.95 Alcala+14,17,19
J15450887-3417333 0.10704174863387979 0.092 3060 0.059 -8.156 -1.77 18.5772 154.81 Alcala+14,17,19
Sz69 0.17452459016393443 0.15 3197 0.087 -9.344 -2.77 9.1536 152.56 Alcala+14,17,19
Sz71 0.48168786885245907 0.414 3632 0.327 -9.033 -2.17 69.84 155.2 Alcala+14,17,19
Sz72 0.43514797814207656 0.374 3560 0.272 -8.601 -1.77 10.9697 156.71 Alcala+14,17,19
Sz73 0.8516800000000001 0.732 4060 0.466 -8.05 -0.96 31.564 157.82 Alcala+14,17,19
Sz75 0.8319005464480875 0.715 4205 1.602 -7.44 -0.69  154.1 Alcala+14,17,19
Sz76 0.21873748633879783 0.188 3270 0.172 -9.109 -2.55  156.4 Alcala+14,17,19
Sz77 0.8132845901639345 0.699 4060 0.593 -8.69 -1.67  155.25 Alcala+14,17,19
Sz81A 0.21873748633879783 0.188 3200 0.244 -8.886 -2.44  158.23 Alcala+14,17,19
Sz82 1.0099156284153006 0.868 4350 2.514 -7.85 -1.05  155.82 Alcala+14,17,19
Sz83 0.7341667759562842 0.631 4060 1.46 -7.0 -0.25 47.4 158.5 Alcala+14,17,19
Sz84 0.17336109289617488 0.149 3125 0.139 -9.077 -2.68 37.92 158.5 Alcala+14,17,19
Sz129 0.8609879781420766 0.74 4060 0.421 -8.27 -1.13 49.6403 160.13 Alcala+14,17,19
J15592523-4235066 0.09889726775956285 0.085 3125 0.02 -11.02 -4.42  147.25 Alcala+14,17,19
RYLup 1.6277326775956287 1.399 4900 1.844 -8.05 -0.85 99.54 158.5 Alcala+14,17,19
J16000060-4221567 0.17336109289617488 0.149 3200 0.097 -9.583 -3.04 46.2347 159.43 Alcala+14,17,19
J16000236-4222145 0.2199009836065574 0.189 3270 0.171 -9.484 -2.92 80.195 160.39 Alcala+14,17,19
J16002612-4153553 0.1256577049180328 0.108 3060 0.078 -9.621 -3.22  163.17 Alcala+14,17,19
Sz130 0.45841792349726784 0.394 3560 0.177 -9.097 -2.14 27.0606 159.18 Alcala+14,17,19
MYLup 1.35780131147541 1.167 5100 0.86 -8.0 -0.65 61.62 158.5 Alcala+14,17,19
Sz131 0.35021267759562846 0.301 3415 0.15 -9.171 -2.34 19.2744 160.62 Alcala+14,17,19
EXLup 0.6631934426229509 0.57 3850 0.731 -7.81 -0.91  154.72 Alcala+14,17,19
Sz88A 0.7597637158469946 0.653 3850 0.306 -8.535 -1.4  157.64 Alcala+14,17,19
Sz88B 0.16987060109289617 0.146 3197 0.069 -9.904 -3.3  158.37 Alcala+14,17,19
Sz90 0.8540069945355192 0.734 4060 0.419 -8.93 -1.79 16.037 160.37 Alcala+14,17,19
Sz91 0.6050185792349728 0.52 3705 0.2 -9.081 -2.0  159.39 Alcala+14,17,19
J16073773-3921388 0.07795431693989073 0.067 3057 0.017 -10.19 -3.62 81.225 162.45 Alcala+14,17,19
Sz95 0.3385777049180328 0.291 3415 0.267 -9.381 -2.7 20.8611 160.47 Alcala+14,17,19
J16080017-3902595 0.08958928961748634 0.077 3057 0.04 -10.27 -3.89 45.1164 161.13 Alcala+14,17,19
Sz96 0.5386992349726777 0.463 3705 0.416 -9.387 -2.51 20.2761 155.98 Alcala+14,17,19
J16081497-3857145 0.0756273224043716 0.065 3060 0.009 -10.28 -3.6 16.5913 150.83 Alcala+14,17,19
Sz97 0.2268819672131148 0.195 3270 0.109 -9.769 -3.11 14.1606 157.34 Alcala+14,17,19
Sz98 0.7434747540983607 0.639 4060 1.53 -7.44 -0.71 128.1414 156.27 Alcala+14,17,19
Sz99 0.21408349726775958 0.184 3270 0.049 -9.607 -2.8  158.29 Alcala+14,17,19
Sz100 0.1512546448087432 0.13 3057 0.106 -9.614 -3.33 41.08 158.5 Alcala+14,17,19
J160828.1-391310 0.08144480874316942 0.07 2935 0.046 -11.32 -5.01  169.79 Alcala+14,17,19
Sz103 0.22455497267759567 0.193 3270 0.116 -9.251 -2.6 14.1435 157.15 Alcala+14,17,19
J16083070-3828268 1.6277326775956287 1.399 4900 1.884 -9.2 -2.02 90.06 158.5 Alcala+14,17,19
Sz104 0.1256577049180328 0.108 3125 0.065 -9.844 -3.36 41.5506 159.81 Alcala+14,17,19
V1094Sco 0.8540069945355192 0.734 4205 1.21 -7.88 -1.03  158.0 Alcala+14,17,19
Sz106 0.6410869945355192 0.551 3777 0.057 -10.09 -2.68  158.71 Alcala+14,17,19
Sz108B 0.1442736612021858 0.124 3125 0.1 -9.512 -3.05  161.22 Alcala+14,17,19
J16084940-3905393 0.2199009836065574 0.189 3270 0.151 -9.666 -3.1 121.7444 160.19 Alcala+14,17,19
Sz110 0.2199009836065574 0.189 3270 0.175 -8.751 -2.2 15.749 157.49 Alcala+14,17,19
J16085324-3914401 0.3385777049180328 0.291 3415 0.198 -10.03 -3.25 13.04 163.0 Alcala+14,17,19
J16085373-3914367 0.0791178142076503 0.068 3060 0.003 -10.81 -3.7 25.2824 148.72 Alcala+14,17,19
Sz111 0.6050185792349728 0.52 3705 0.21 -9.473 -2.4 72.8502 158.37 Alcala+14,17,19
J16085529-3848481 0.08260830601092896 0.071 2935 0.048 -10.6 -4.31  155.61 Alcala+14,17,19
Sz112 0.1582356284153006 0.136 3125 0.118 -9.82 -3.39 15.93 159.3 Alcala+14,17,19
Sz113 0.1582356284153006 0.136 3197 0.038 -8.99 -2.28 12.8424 160.53 Alcala+14,17,19
J16090141-3925119 0.23037245901639347 0.198 3270 0.093 -9.893 -3.17 78.008 159.2 Alcala+14,17,19
Sz115 0.17801508196721313 0.153 3197 0.107 -9.448 -2.91  155.82 Alcala+14,17,19
J16092697-3836269 0.17336109289617488 0.149 3200 0.069 -8.108 -1.5  159.19 Alcala+14,17,19
Sz117 0.2757488524590164 0.237 3340 0.274 -8.88 -2.3 12.556 156.95 Alcala+14,17,19
Sz118 1.0215506010928963 0.878 4350 0.698 -9.11 -1.97 59.7402 161.46 Alcala+14,17,19
J16095628-3859518 0.06631934426229509 0.057 2990 0.02 -10.7 -4.31 15.707 157.07 Alcala+14,17,19
J16101857-3836125 0.11169573770491804 0.096 3125 0.04 -10.49 -4.0  160.6 Alcala+14,17,19
J16101984-3836065 0.07097333333333333 0.061 2935 0.04 -10.35 -4.1 106.3692 158.76 Alcala+14,17,19
J16102955-3922144 0.17801508196721313 0.153 3200 0.106 -9.923 -3.38 30.4836 160.44 Alcala+14,17,19
Sz123B 0.4502734426229509 0.387 3560 0.029 -10.23 -2.9  158.5 Alcala+14,17,19
Sz123A 0.6480679781420766 0.557 3705 0.136 -9.177 -2.0  162.19 Alcala+14,17,19
J16124373-3815031 0.5468437158469945 0.47 3705 0.39 -9.084 -2.19 11.1895 159.85 Alcala+14,17,19
J16134410-3736462 0.11169573770491804 0.096 3125 0.039 -9.012 -2.49 117.327 158.55 Alcala+14,17,19
AKC2006-18 0.051193879781420766 0.044 2935 0.01 -10.99 -4.6 0.0 151.87 Alcala+14,17,19
J154518.5-342125 0.0721368306010929 0.062 2935 0.04 -10.54 -4.29 0.0 153.02 Alcala+14,17,19
Lup706 0.0500303825136612 0.043 2795 0.002 -11.63 -5.0 0.0 170.7 Alcala+14,17,19
SONYC-Lup3-7 0.026760437158469947 0.023 2600 0.01 -10.88 -4.85 0.0 155.85 Alcala+14,17,19
J10555973-7724399 0.9110183606557378 0.783 4060 0.236 -8.42 -1.12 20.1828 183.48 Manara+16,17
J10563044-7711393 0.8156115846994536 0.701 4060 0.548 -9.18 -2.12 139.1621 180.73 Manara+16,17
J10580597-7711501 0.08144480874316942 0.07 3060 0.019 -11.45 -4.94 20.5854 187.14 Manara+16,17
J10581677-7717170 1.6277326775956287 1.399 4900 1.649 -7.55 -0.33 118.42 190.0 Manara+16,17
J10590108-7722407 0.8342275409836066 0.717 4060 0.497 -8.62 -1.53 42.1176 183.12 Manara+16,17
J11004022-7619280 0.22222797814207654 0.191 3270 0.145 -8.869 -2.29 48.2525 193.01 Manara+16,17
J11022491-7733357 1.6277326775956287 1.399 4900 2.045 -8.0 -0.89 47.75 190.0 Manara+16,17
J11023265-7729129 0.3350872131147541 0.288 3415 0.367 -10.28 -3.64 80.22 190.0 Manara+16,17
J11025504-7721508 0.20244852459016394 0.174 3200 0.199 -8.449 -2.01 42.366 184.2 Manara+16,17
J11040425-7639328 0.15939912568306014 0.137 3200 0.038 -10.44 -3.75 17.5014 194.46 Manara+16,17
J11040909-7627193 0.9214898360655739 0.792 4350 2.114 -6.27 0.53 34.191 189.95 Manara+16,17
J11044258-7741571 0.22455497267759567 0.193 3270 0.127 -10.25 -3.63 26.7078 190.77 Manara+16,17
J11045701-7715569 0.33159672131147544 0.285 3415 0.41 -7.535 -0.94 23.2308 193.59 Manara+16,17
J11062554-7633418 0.09191628415300547 0.079 3060 0.044 -10.27 -3.86 32.2608 201.63 Manara+16,17
J11063276-7625210 0.05584786885245902 0.048 2935 0.022 -10.63 -4.35  189.19 Manara+16,17
J11064180-7635489 0.13147519125683063 0.113 3125 0.073 -8.841 -2.39  194.69 Manara+16,17
J11064510-7727023 0.9017103825136613 0.775 4205 0.714 -8.4 -1.36 37.162 185.81 Manara+16,17
J11065939-7530559 0.07679081967213117 0.066 3060 0.014 -10.64 -4.08 23.094 192.45 Manara+16,17
J11071181-7625501 0.07795431693989073 0.067 3060 0.016 -11.32 -4.79  199.91 Manara+16,17
J11071206-7632232 0.6783189071038251 0.583 3850 0.587 -8.249 -1.3 42.6514 193.87 Manara+16,17
J11071330-7743498 0.2268819672131148 0.195 3270 0.098 -10.59 -3.99 21.01 190.0 Manara+16,17
J11071860-7732516 0.08842579234972678 0.076 3060 0.038 -10.4 -4.0 29.628 197.52 Manara+16,17
J11072825-7652118 0.33159672131147544 0.285 3415 0.479 -8.127 -1.57  190.0 Manara+16,17
J11074245-7733593 0.1035512568306011 0.089 3060 0.056 -9.625 -3.24  190.0 Manara+16,17
J11074366-7739411 0.5386992349726777 0.463 3705 0.424 -7.691 -0.8 32.3408 190.24 Manara+16,17
J11074656-7615174 0.05235737704918033 0.045 2935 0.009 -11.57 -5.13 17.3376 192.64 Manara+16,17
J11075792-7738449 1.033185573770492 0.888 4350 0.719 -7.99 -1.01  190.0 Manara+16,17
J11075809-7742413 0.3385777049180328 0.291 3415 0.22 -8.092 -1.37 15.0016 187.52 Manara+16,17
J11080002-7717304 0.7341667759562842 0.631 4060 1.371 -9.85 -3.08 24.83 190.0 Manara+16,17
J11080297-7738425 0.6189805464480875 0.532 3705 0.168 -8.99 -1.86  190.0 Manara+16,17
J11081850-7730408 0.05235737704918033 0.045 2935 0.013 -11.4 -5.04  186.7 Manara+16,17
J11082238-7730277 0.08958928961748634 0.077 3060 0.042 -9.619 -3.22  190.11 Manara+16,17
J11082650-7715550 0.08144480874316942 0.07 3060 0.021 -10.67 -4.16  195.78 Manara+16,17
J11083905-7716042 0.841208524590164 0.723 4060 0.464 -8.59 -1.49 17.082 189.8 Manara+16,17
J11085090-7625135 0.0907527868852459 0.078 3060 0.043 -10.27 -3.89  192.24 Manara+16,17
J11085367-7521359 0.5782581420765028 0.497 3705 0.269 -7.909 -0.92 28.5765 190.51 Manara+16,17
J11085464-7702129 0.7097333333333334 0.61 3780 0.183 -9.064 -1.89 24.83 190.0 Manara+16,17
J11085497-7632410 0.08958928961748634 0.077 3060 0.039 -10.18 -3.78  193.42 Manara+16,17
J11091812-7630292 0.7597637158469946 0.653 3850 0.329 -8.904 -1.77  183.64 Manara+16,17
J11092266-7634320 0.6783189071038251 0.583 3705 0.109 -9.299 -1.99  193.09 Manara+16,17
J11092379-7623207 0.5770946448087432 0.496 3780 0.784 -7.113 -0.32 32.4904 191.12 Manara+16,17
J11094621-7634463 0.38162710382513665 0.328 3415 0.09 -9.235 -2.26 27.4806 196.29 Manara+16,17
J11094742-7726290 0.6480679781420766 0.557 3705 0.142 -8.964 -1.77 101.4526 191.42 Manara+16,17
J11095215-7639128 0.1000607650273224 0.086 2940 0.068 -10.1 -3.85  190.0 Manara+16,17
J11095336-7728365 0.0791178142076503 0.068 3060 0.018 -10.02 -3.52  185.63 Manara+16,17
J11095340-7634255 0.803976612021858 0.691 4060 0.677 -6.77 0.26 68.76 190.0 Manara+16,17
J11095407-7629253 0.6329425136612024 0.544 3705 0.154 -9.115 -1.86  190.0 Manara+16,17
J11095873-7737088 0.5712771584699454 0.491 3780 0.86 -6.729 0.04  190.0 Manara+16,17
J11100369-7633291 0.7516192349726777 0.646 3850 0.344 -9.374 -2.25 29.3625 195.75 Manara+16,17
J11100469-7635452 0.8319005464480875 0.715 4060 0.495 -9.51 -2.42 34.7508 193.06 Manara+16,17
J11100704-7629376 0.7946686338797816 0.683 4060 0.747 -8.39 -1.49  190.0 Manara+16,17
J11100785-7727480 0.10587825136612022 0.091 3060 0.058 -10.45 -4.09  204.94 Manara+16,17
J11101141-7635292 0.9866456830601094 0.848 4350 0.916 -9.34 -2.3 27.4484 196.06 Manara+16,17
J11103801-7732399 1.153025792349727 0.991 4590 2.678 -7.65 -0.79  190.0 Manara+16,17
J11104141-7720480 0.08260830601092896 0.071 3060 0.022 -9.412 -2.91  199.8 Manara+16,17
J11104959-7717517 0.4456194535519126 0.383 3560 0.204 -7.581 -0.68 39.2049 186.69 Manara+16,17
J11105333-7634319 0.3385777049180328 0.291 3415 0.233 -7.7 -0.97 30.9168 193.23 Manara+16,17
J11105359-7725004 0.11984021857923498 0.103 3125 0.051 -9.865 -3.37 23.2704 193.92 Manara+16,17
J11113965-7620152 0.2885473224043716 0.248 3340 0.408 -7.166 -0.66 17.19 190.0 Manara+16,17
J11114632-7620092 1.6277326775956287 1.399 4900 1.476 -7.83 -0.58 26.8254 191.61 Manara+16,17
J11120351-7726009 0.14078316939890712 0.121 3060 0.094 -9.591 -3.19 20.4732 186.12 Manara+16,17
J11122441-7637064 1.4369191256830605 1.235 4900 0.919 -7.96 -0.62  191.77 Manara+16,17
J11123092-7644241 0.6701744262295082 0.576 3780 0.265 -7.766 -0.67 25.2525 194.25 Manara+16,17
J11124861-7647066 0.1815055737704918 0.156 3200 0.153 -9.365 -2.9  189.15 Manara+16,17
J11132446-7629227 0.21873748633879783 0.188 3270 0.155 -9.46 -2.9 32.3952 190.56 Manara+16,17
J11142454-7733062 0.18732306010928965 0.161 3200 0.166 -8.715 -2.26 22.6176 188.48 Manara+16,17
J11173700-7704381 0.6050185792349728 0.52 3780 0.585 -7.889 -1.02 30.2208 188.88 Manara+16,17
J11175211-7629392 0.17452459016393443 0.15 3200 0.102 -10.75 -4.39  193.57 Manara+16,17
J11241186-7630425 0.08958928961748634 0.077 3060 0.04 -10.17 -3.78 22.236 185.3 Manara+16,17
